[	0.00592903793	3.01113765e-08	1.55224132e-06	1.8575829e-05	-6.47636284e-07	-0.000524518138
	3.01113765e-08	0.00103590127	1.21132638e-08	5.64235864e-09	-1.65099151e-05	-5.17875837e-09
	1.55224132e-06	1.21132638e-08	0.00602425189	0.000562133772	3.2312688e-07	1.79068537e-05
	1.8575829e-05	5.64235864e-09	0.000562133772	0.00022174811	-5.10098095e-08	-1.4337119e-08
	-6.47636284e-07	-1.65099151e-05	3.2312688e-07	-5.10098095e-08	0.000430874772	4.69253241e-08
	-0.000524518138	-5.17875837e-09	1.79068537e-05	-1.4337119e-08	4.69253241e-08	0.000206879602
      ]