[	0.00197219657	1.06432447e-08	-1.0817379e-05	-1.46409128e-07	-1.12542286e-06	-1.23018894e-05
	1.06432447e-08	0.000138120264	-1.69316348e-08	-4.52842248e-10	-9.78792533e-09	4.84568189e-11
	-1.0817379e-05	-1.69316348e-08	0.00199634861	1.26015293e-05	-6.02170303e-07	1.55835622e-07
	-1.46409128e-07	-4.52842248e-10	1.26015293e-05	3.15655664e-07	3.94219057e-09	2.5589969e-10
	-1.12542286e-06	-9.78792533e-09	-6.02170303e-07	3.94219057e-09	1.26403873e-07	-8.81739223e-10
	-1.23018894e-05	4.84568189e-11	1.55835622e-07	2.5589969e-10	-8.81739223e-10	3.16233269e-07
      ]
